國文,英文,數學,社會,自然
15,7,12,13,15
6,8,8,11,9
10,13,11,14,8
15,14,13,12,6
15,8,15,12,11
11,7,9,13,7
15,13,9,12,12
14,12,12,9,9
8,11,15,9,11
6,7,15,15,10
10,13,6,15,12
12,8,6,12,8
8,11,9,9,8
9,6,11,8,9
9,14,15,10,7
12,12,8,7,13
14,7,11,14,12
14,11,11,10,6
11,6,15,9,8
9,7,6,8,9
11,14,8,8,7
10,9,14,8,6
15,13,14,13,11
13,15,14,14,8
14,11,15,15,15
9,13,9,15,15
14,8,6,7,6
7,15,15,7,13
9,12,7,6,13
15,7,9,6,10
15,9,13,7,9
10,13,10,13,12
11,13,9,6,8
15,13,15,11,6
11,12,6,15,15
13,6,14,12,7
15,6,8,12,15
9,7,13,9,14
8,13,9,6,7
7,15,7,9,11
15,10,8,8,10
10,10,14,11,11
7,12,7,8,6
7,12,8,10,8
14,13,12,6,13
12,12,7,8,10
13,7,7,13,7
15,6,7,7,11
12,9,11,13,13
12,12,6,7,14
8,12,12,8,9
7,12,8,6,9
6,7,14,8,14
14,9,15,12,14
10,14,11,13,12
15,10,9,12,9
14,11,15,9,8
14,7,12,6,10
6,13,6,14,14
7,12,10,7,14
13,6,13,15,14
8,14,9,9,6
11,7,12,8,12
8,8,15,15,14
15,15,14,15,11
13,10,15,7,14
9,12,11,8,12
13,13,11,7,11
7,15,9,8,15
12,11,7,14,11
7,7,6,9,14
14,11,7,10,10
12,10,11,12,7
12,15,7,6,11
7,9,13,12,9
7,9,12,11,9
6,13,11,15,14
8,7,7,7,10
15,12,7,8,9
12,14,14,10,8
7,7,10,7,10
9,13,15,14,10
15,13,14,15,6
15,9,11,11,9
7,14,7,6,7
11,7,14,6,14
14,11,15,10,8
11,9,10,13,10
14,15,7,12,6
8,12,11,7,7
6,14,12,12,10
13,8,8,6,8
13,13,7,11,11
13,9,10,10,11
7,15,6,11,15
9,10,10,12,7
7,15,12,7,13
14,7,10,7,7
15,13,14,12,10
14,11,11,6,6
